Christopher Nakovski
Comp Bio hw1

5.
Sequence 1:        1  d-eadly
                      d ea ly
Sequence 2:        2  dgearly

pval: 0.026973026973026972
optimal score: 20
0	0	0	0	0	0	0	0	0	0
0	6	6	2	2	0	0	0	0	0
0	2	8	4	7	3	0	0	0	1
0	0	4	8	4	11	7	3	0	0
0	6	6	4	10	7	9	5	1	0
0	2	2	2	6	9	5	13	9	5
0	0	0	0	2	5	7	9	20	16

        P15172  P17542  P10085  P16075  P13904  Q90477  Q8IU24  P22816  Q10574  O95363
P15172  1709    143     1500    1020    978     893     428     368     118     56
P17542          1731    128     129     128     112     144     123     156     66
P10085                  1702    1043    1002    925     440     367     118     52
P16075                          1594    1147    1093    448     414     120     61
P13904                                  1541    1104    450     410     120     72
Q90477                                          1479    449     410     117     62
Q8IU24                                                  1215    446     125     45
P22816                                                          1746    124     74
Q10574                                                                  746     67
O95363                                                                          2420